NAME : WM-21-7
COMMENT : HDTRP, CVS
TYPE : TSP
DIMENSION : 21
EDGE_WEIGHT_TYPE : EXPLICIT
EDGE_WEIGHT_FORMAT : FULL_MATRIX 
NODE_COORD_SECTION
  0 -78.5881280000 35.7825655000
  1 -78.6017762000 35.7910805000
  2 -78.5914349000 35.7727814000
  3 -78.5915257000 35.7858377000
  4 -78.5951654000 35.7696031000
  5 -78.5893775000 35.7710757000
  6 -78.5973580000 35.7710740000
  7 -78.6002869000 35.7711983000
  8 -78.5903400000 35.7770463000
  9 -78.5978152000 35.7863865000
 10 -78.6010462000 35.7701205000
 11 -78.5933537000 35.7873417000
 12 -78.5934202000 35.7792075000
 13 -78.5833755000 35.7722212000
 14 -78.5933928000 35.7712048000
 15 -78.6017446000 35.7932280000
 16 -78.6039416000 35.7918617000
 17 -78.6003932000 35.7709961000
 18 -78.5874326000 35.7760211000
 19 -78.5923863000 35.7707577000
 20 -78.5997508000 35.7790490000
EDGE_WEIGHT_SECTION
     0  2267  1822   949  2391  2347  2693  2800  1499  1704  2935  1198  1122  1538  2011  2565  2517  2822  1760  2213  1464
  2231     0  2778  2193  3347  3303  3650  3756  2455   819  3891  1188  2078  3632  2967   441   392  3778  2716  3169  2421
  1740  2778     0  1984   661   389   964  1070   580  2216  1205  1709   905  1274   281  3076  3028  1092   841   389  1976
   604  2103  1658     0  2227  2184  2530  2636  1336  1541  2772  1034   959  2516  1848  2401  2353  2659  1597  2050  1301
  2309  3347   661  2553     0   853   877   984  1149  2785  1119  2278  1474  1738   380  3645  3597  1006  1410   376  2545
  2266  3303   389  2510   853     0  1155  1261  1106  2741  1397  2234  1430  1121   473  3601  3553  1284  1367   581  2501
  2612  3650   964  2856   877  1155     0   610  1452  3087   745  2581  1777  2041   682  3948  3900   632  1713   908  2267
  2718  3756  1070  2962   984  1261   610     0  1558  3194   135  2687  1883  2147   789  4054  4006    22  1819  1014  2058
  1418  2455   580  1662  1149  1106  1452  1558     0  1893  1693  1386   582  1792   770  2753  2705  1581   261   971  1653
  1668   819  2216  1630  2785  2741  3087  3194  1893     0  3329   626  1516  3070  2405  1117  1069  3216  2154  2607  1139
  2853  3891  1205  3097  1119  1397   745   135  1693  3329     0  2822  2018  2282   924  4189  4141   113  1954  1149  2193
  1162  1188  1709  1124  2278  2234  2581  2687  1386   626  2822     0  1009  2563  1898  1486  1438  2709  1647  2100  1352
  1040  2078   905  1284  1474  1430  1777  1883   582  1516  2018  1009     0  1762  1094  2376  2328  1905   843  1296   647
  2026  3918  1003  2660  1467   851  1770  1876  1720  3356  2011  2849  2045     0  1088  4216  4168  1899  1981  1195  3116
  1929  2967   281  2173   380   473   682   789   770  2405   924  1898  1094  1358     0  3265  3217   811  1031   338  2165
  2529   441  3076  2491  3645  3601  3948  4054  2753  1117  4189  1486  2376  3930  3265     0   449  4076  3014  3467  2719
  2481   392  3028  2443  3597  3553  3900  4006  2705  1069  4141  1438  2328  3882  3217   449     0  4028  2966  3419  2671
  2741  3778  1092  2985  1006  1284   632    22  1581  3216   113  2709  1905  2169   811  4076  4028     0  1842  1036  2080
  1679  2716   841  1923  1410  1367  1713  1819   261  2154  1954  1647   843  2053  1031  3014  2966  1842     0  1232  1914
  2131  3169   389  2375   376   581   908  1014   971  2607  1149  2100  1296  1466   338  3467  3419  1036  1232     0  2367
  1363  2400  1910  1606  2479  2435  2781  2888  1587  1117  3023  1331   587  2767  2099  2698  2650  2910  1848  2301     0
DEPOT_SECTION
0
-1
EOF
