NAME : WM-21-2
COMMENT : HDTRP, CVS
TYPE : TSP
DIMENSION : 21
EDGE_WEIGHT_TYPE : EXPLICIT
EDGE_WEIGHT_FORMAT : FULL_MATRIX 
NODE_COORD_SECTION
  0 -78.5881280000 35.7825655000
  1 -78.5989107000 35.7883176000
  2 -78.5896200000 35.7708301000
  3 -78.5837983000 35.7702115000
  4 -78.6003661000 35.7891615000
  5 -78.5927919000 35.7859268000
  6 -78.6019147000 35.7872340000
  7 -78.6012423000 35.7871175000
  8 -78.5974220000 35.7824151000
  9 -78.5960384000 35.7697863000
 10 -78.6017358000 35.7872869000
 11 -78.6025360000 35.7813006000
 12 -78.5978639000 35.7928958000
 13 -78.6029491000 35.7901754000
 14 -78.5918435000 35.7698859000
 15 -78.5910880000 35.7771201000
 16 -78.5992646000 35.7720769000
 17 -78.6012168000 35.7880364000
 18 -78.5857928000 35.7707570000
 19 -78.6023615000 35.7908736000
 20 -78.5854671000 35.7697597000
EDGE_WEIGHT_SECTION
     0  1728  2348  1766  1863   960  2101  2041  1866  2475  2089  1812  2190  2221  2257  1433  2551  1971  2111  2433  2251
  1692     0  2766  3377   189   768   677   617  2284  2892   665  2230   668   548  2675  1850  2969   634  3176   704  3316
  2267  2766     0  1048  2901  1998  3139  3079  2904   938  3127  2850  3228  3259   373  1040  1015  3009   848  3471   688
  2017  3377  1048     0  3512  2609  3750  3690  3515  1549  3738  3461  3839  3870  1238  1651  1626  3620   570  4082   710
  1827   189  2901  3512     0   903   645   751  2418  3027   657  2365   857   477  2809  1985  3104   563  3311   563  3451
   924   768  1998  2609   903     0  1141  1081  1516  2124  1129  1462  1230  1261  1907  1082  2201  1011  2409  1473  2548
  2066   677  3139  3750   639  1141     0    61  1756  3266    12  1702  1015   538  3048  2224  3342   411  3550   625  3690
  2005   617  3079  3690   751  1081    61     0  1695  3205    48  1641  1079   599  2987  2163  3282   472  3489   686  3629
  1827  2326  2901  3512  2461  1558  1797  1737     0  3028  1785   813  2788  2819  2810  1985  2369  2569  3312  3031  3452
  2393  2892   938  1549  3027  2124  3266  3205  3031     0  3253  2977  3354  3386   470  1167   820  3136  1349  3597  1489
  2053   665  3127  3738   652  1129    12    48  1743  3253     0  1690  1027   551  3036  2211  3330   423  3538   638  3677
  1774  2273  2848  3459  2408  1505  1744  1683   851  2974  1732     0  2735  2766  2757  1932  1837  2516  3258  2978  3398
  2154   668  3228  3839   857  1230  1020  1079  2746  3354  1033  2692     0   706  3137  2312  3431   939  3638   619  3778
  2185   548  3259  3870   477  1261   544   605  2777  3386   556  2723   706     0  3168  2343  3462   463  3670    87  3810
  2176  2675   373  1238  2809  1907  3048  2987  2813   470  3036  2759  3137  3168     0   949   923  2918  1037  3380   698
  1351  1850  1040  1651  1985  1082  2224  2163  1988  1167  2211  1935  2312  2343   949     0  1243  2093  1451  2555  1591
  2470  2969  1015  1626  3104  2201  3342  3282  2364   820  3330  1831  3431  3462   923  1243     0  3212  1425  3674  1565
  1935   634  3009  3620   563  1011   417   477  2527  3136   429  2473   939   463  2918  2093  3212     0  3420   549  3560
  2678  3176   848   570  3311  2409  3550  3489  3315  1349  3538  3261  3638  3670  1037  1451  1425  3420     0  3881   140
  2397   704  3471  4082   563  1473   631   692  2988  3597   643  2935   619    87  3380  2555  3674   549  3881     0  4021
  2817  3316   688   710  3451  2548  3690  3629  3455  1489  3677  3401  3778  3810   698  1591  1565  3560   140  4021     0
DEPOT_SECTION
0
-1
EOF
