NAME : WM-31-7
COMMENT : HDTRP, CVS
TYPE : TSP
DIMENSION : 31
EDGE_WEIGHT_TYPE : EXPLICIT
EDGE_WEIGHT_FORMAT : FULL_MATRIX 
NODE_COORD_SECTION
  0 -78.5881280000 35.7825655000
  1 -78.6017762000 35.7910805000
  2 -78.5914349000 35.7727814000
  3 -78.5915257000 35.7858377000
  4 -78.5951654000 35.7696031000
  5 -78.5893775000 35.7710757000
  6 -78.5973580000 35.7710740000
  7 -78.6002869000 35.7711983000
  8 -78.5903400000 35.7770463000
  9 -78.5978152000 35.7863865000
 10 -78.6010462000 35.7701205000
 11 -78.5933537000 35.7873417000
 12 -78.5934202000 35.7792075000
 13 -78.5833755000 35.7722212000
 14 -78.5933928000 35.7712048000
 15 -78.6017446000 35.7932280000
 16 -78.6039416000 35.7918617000
 17 -78.6003932000 35.7709961000
 18 -78.5874326000 35.7760211000
 19 -78.5923863000 35.7707577000
 20 -78.5997508000 35.7790490000
 21 -78.5986717000 35.7929717000
 22 -78.5918161000 35.7704160000
 23 -78.5997859000 35.7932152000
 24 -78.5962737000 35.7726027000
 25 -78.5974394000 35.7893859000
 26 -78.5931683000 35.7710417000
 27 -78.6006291000 35.7952290000
 28 -78.5978864000 35.7897817000
 29 -78.6014483000 35.7886489000
 30 -78.5992831000 35.7696791000
EDGE_WEIGHT_SECTION
     0  2267  1822   949  2391  2347  2693  2800  1499  1704  2935  1198  1122  1538  2011  2565  2517  2822  1760  2213  1464  2195  2187  2429  2294  1766  2341  2698  1819  1902  2755
  2231     0  2778  2193  3347  3303  3650  3756  2455   819  3891  1188  2078  3632  2967   441   392  3778  2716  3169  2421   459  3144   305  3250   557  3297   574   448   343  3711
  1740  2778     0  1984   661   389   964  1070   580  2216  1205  1709   905  1274   281  3076  3028  1092   841   389  1976  2707   364  2941   564  2277   611  3209  2330  2413  1025
   604  2103  1658     0  2227  2184  2530  2636  1336  1541  2772  1034   959  2516  1848  2401  2353  2659  1597  2050  1301  2032  2024  2266  2131  1603  2177  2535  1656  1738  2592
  2309  3347   661  2553     0   853   877   984  1149  2785  1119  2278  1474  1738   380  3645  3597  1006  1410   376  2545  3276   466  3510   478  2846   295  3778  2899  2982   939
  2266  3303   389  2510   853     0  1155  1261  1106  2741  1397  2234  1430  1121   473  3601  3553  1284  1367   581  2501  3232   555  3466   756  2803   802  3735  2856  2938  1217
  2612  3650   964  2856   877  1155     0   610  1452  3087   745  2581  1777  2041   682  3948  3900   632  1713   908  2267  3578   996  3812   400  3149   827  4081  3202  3285   256
  2718  3756  1070  2962   984  1261   610     0  1558  3194   135  2687  1883  2147   789  4054  4006    22  1819  1014  2058  3685  1102  3919   506  3255   934  4187  3308  3391   671
  1418  2455   580  1662  1149  1106  1452  1558     0  1893  1693  1386   582  1792   770  2753  2705  1581   261   971  1653  2384   946  2618  1052  1955  1099  2887  2008  2090  1514
  1668   819  2216  1630  2785  2741  3087  3194  1893     0  3329   626  1516  3070  2405  1117  1069  3216  2154  2607  1139   748  2581   982  2688   319  2735  1251   371   454  3149
  2853  3891  1205  3097  1119  1397   745   135  1693  3329     0  2822  2018  2282   924  4189  4141   113  1954  1149  2193  3820  1237  4054   642  3390  1069  4322  3443  3526   806
  1162  1188  1709  1124  2278  2234  2581  2687  1386   626  2822     0  1009  2563  1898  1486  1438  2709  1647  2100  1352  1117  2075  1351  2181   688  2228  1620   741   823  2642
  1040  2078   905  1284  1474  1430  1777  1883   582  1516  2018  1009     0  1762  1094  2376  2328  1905   843  1296   647  2007  1271  2241  1377  1578  1424  2510  1630  1713  1838
  2026  3918  1003  2660  1467   851  1770  1876  1720  3356  2011  2849  2045     0  1088  4216  4168  1899  1981  1195  3116  3847  1170  4081  1370  3418  1417  4349  3470  3553  1831
  1929  2967   281  2173   380   473   682   789   770  2405   924  1898  1094  1358     0  3265  3217   811  1031   338  2165  2896   313  3130   283  2467   330  3399  2519  2602   744
  2529   441  3076  2491  3645  3601  3948  4054  2753  1117  4189  1486  2376  3930  3265     0   449  4076  3014  3467  2719   436  3442   205  3548   855  3595   270   746   783  4009
  2481   392  3028  2443  3597  3553  3900  4006  2705  1069  4141  1438  2328  3882  3217   449     0  4028  2966  3419  2671   709  3394   555  3500   807  3547   824   698   735  3961
  2741  3778  1092  2985  1006  1284   632    22  1581  3216   113  2709  1905  2169   811  4076  4028     0  1842  1036  2080  3707  1124  3941   529  3278   956  4210  3330  3413   694
  1679  2716   841  1923  1410  1367  1713  1819   261  2154  1954  1647   843  2053  1031  3014  2966  1842     0  1232  1914  2645  1207  2879  1313  2216  1360  3148  2269  2351  1774
  2131  3169   389  2375   376   581   908  1014   971  2607  1149  2100  1296  1466   338  3467  3419  1036  1232     0  2367  3098    91  3332   508  2668    80  3600  2721  2804   969
  1363  2400  1910  1606  2479  2435  2781  2888  1587  1117  3023  1331   587  2767  2099  2698  2650  2910  1848  2301     0  2329  2275  2563  2382  1900  2429  2832  1952  2035  2843
  2159   459  2707  2121  3276  3232  3578  3685  2384   748  3820  1117  2007  3561  2896   436   709  3707  2645  3098  2349     0  3072   301  3179   429  3226   570   584   901  3640
  2106  3144   364  2350   466   555   996  1102   946  2581  1237  2075  1271  1441   313  3442  3394  1124  1207    91  2341  3072     0  3307   596  2643   172  3575  2696  2779  1057
  2394   305  2941  2356  3510  3466  3812  3919  2618   982  4054  1351  2241  3795  3130   205   555  3941  2879  3332  2584   301  3307     0  3413   720  3460   338   611   648  3874
  2212  3250   564  2456   478   756   400   506  1052  2688   642  2181  1377  1641   283  3548  3500   529  1313   508  2448  3179   596  3413     0  2750   428  3681  2802  2885   462
  1730   557  2277  1692  2846  2803  3149  3255  1955   319  3390   688  1578  3132  2467   855   807  3278  2216  2668  1920   429  2643   720  2750     0  2796   988   109   516  3211
  2259  3297   611  2503   295   802   827   934  1099  2735  1069  2228  1424  1688   330  3595  3547   956  1360    80  2495  3226   172  3460   428  2796     0  3728  2849  2932   889
  2662   574  3209  2624  3778  3735  4081  4187  2887  1251  4322  1620  2510  4064  3399   270   824  4210  3148  3600  2852   570  3575   338  3681   988  3728     0   879   917  4143
  1783   448  2330  1745  2899  2856  3202  3308  2008   371  3443   741  1630  3184  2519   746   698  3331  2269  2721  1973   584  2696   611  2802   109  2849   879     0   407  3263
  1866   343  2413  1828  2982  2938  3285  3391  2090   454  3526   823  1713  3267  2602   783   735  3413  2351  2804  2056   901  2779   648  2885   516  2932   917   407     0  3346
  2673  3711  1025  2917   939  1217   256   671  1514  3149   806  2642  1838  2102   744  4009  3961   694  1774   969  2329  3640  1057  3874   462  3211   889  4142  3263  3346     0
DEPOT_SECTION
0
-1
EOF
