NAME : WM-31-1
COMMENT : HDTRP, CVS
TYPE : TSP
DIMENSION : 31
EDGE_WEIGHT_TYPE : EXPLICIT
EDGE_WEIGHT_FORMAT : FULL_MATRIX 
NODE_COORD_SECTION
  0 -78.5881280000 35.7825655000
  1 -78.5879221000 35.7762756000
  2 -78.5980584000 35.7885108000
  3 -78.5920239000 35.7702304000
  4 -78.5995137000 35.7876439000
  5 -78.6025034000 35.7741615000
  6 -78.5740924000 35.7806658000
  7 -78.6026878000 35.7885335000
  8 -78.6029486000 35.7794798000
  9 -78.5997591000 35.7856928000
 10 -78.5923613000 35.7779916000
 11 -78.5863811000 35.7711771000
 12 -78.5764705000 35.7943300000
 13 -78.5948032000 35.7696627000
 14 -78.6007493000 35.7857611000
 15 -78.5978550000 35.7931102000
 16 -78.6039670000 35.7909336000
 17 -78.6005814000 35.7880988000
 18 -78.6036688000 35.7876768000
 19 -78.6020485000 35.7919661000
 20 -78.5991323000 35.7916252000
 21 -78.5926481000 35.7714022000
 22 -78.5994629000 35.7910568000
 23 -78.5851096000 35.7691903000
 24 -78.5959932000 35.7691332000
 25 -78.5926798000 35.7691979000
 26 -78.5992746000 35.7702359000
 27 -78.5871197000 35.7716501000
 28 -78.6012697000 35.7922380000
 29 -78.5975318000 35.7699229000
 30 -78.6008160000 35.7928393000
EDGE_WEIGHT_SECTION
     0  1724  1654  2205  1813  2885  3430  2167  1776  1979  1237  2059  2792  2306  2049  2220  2384  1921  2236  2288  2214  2052  2071  2305  2469  2498  2694  2120  2327  2825  2338
  1643     0  2068  1188  2227  1868  4367  2581  2189  2392   487  1691  3729  1289  2463  2633  2797  2335  2649  2702  2627  1036  2485  1937  1452  1482  1678  1534  2741  1808  2751
  1618  2068     0  2548   315  3228  3768   669  2119   481  1581  3050  3130  2649   551   566   967   423   737   635   560  2395   417  3296  2812  2842  3037  2893   673  3168   684
  2123  1188  2548     0  2707  1107  4848  3061  2670  2873   967   933  4210   298  2943  3114  3278  2816  3130  3183  3108   153  2965   795   461   318   916   776  3221  1046  3232
  1777  2227   315  2707     0  3387  3927   299  2278   420  1740  3210  3289  2808   491   881   783   109   421   950   875  2555   732  3456  2971  3001  3196  3053   988  3327   999
  2821  1886  3246  1125  3405     0  5546  3382  1346  2611  1665  1725  4908  1002  2681  3812  3757  3514  3450  3808  3806  1070  3663  1971  1165  1194   713  1567  3919   844  3930
  4174  4144  5504  3387  5663  4160     0  6018  5626  5829  3924  2720  5852  3582  5900  6070  6234  5772  6086  6139  6064  3234  5921  2966  3744  3774  3970  2781  6178  4100  6188
  2131  2581   669  3061   299  3741  4282     0  2632   793  2094  3564  3644  3162   515   828   484   191   122   509   614  2909   557  3810  3325  3355  3551  3407   547  3681   558
  1700  2149  2125  2630  2284  1449  4424  2638     0  1375  1663  3132  3786  2731  1446  2690  2854  2392  2706  2759  2684  2477  2542  3378  2894  2924  2163  2975  2798  2293  2808
  1943  2392   481  2873   420  2613  4093   788  1371     0  1906  3375  3455  2974   118  1046  1210   529   856  1115  1041  2720   898  3621  3137  3167  3362  3218  1154  3493  1164
  1156   487  1581   967  1740  1647  3880  2094  1703  1906     0  1470  3242  1069  1976  2147  2311  1849  2163  2215  2141   815  1998  1716  1231  1261  1457  1313  2254  1587  2265
  2626  1691  3050   933  3210  1707  5094  3564  3172  3375  1470     0  5703  1128  3446  3616  3780  3318  3632  3685  3610   780  3468   246  1291  1320  1516   327  3724  1646  3734
  3014  3971  3263  4452  3422  5132  3402  3776  4022  3587  3484  4954     0  4553  3658  3828  3992  3530  3844  3897  3822  4299  3680  5200  4716  4745  4941  4797  3936  5071  3946
  2224  1289  2649   298  2808   984  4949  3162  2771  2974  1069  1128  4311     0  3044  3215  3379  2917  3231  3284  3209   473  3066  1374   163   193   793   971  3322   924  3333
  2013  2463   551  2943   491  2683  4164   510  1441   118  1976  3446  3526  3044     0  1117   940   599   578  1186  1111  2791   968  3692  3207  3237  3433  3289  1224  3563  1235
  2184  2633   566  3114   881  3794  4334   828  2685  1046  2147  3616  3696  3215  1117     0   837   989   896   505   217  2961   329  3862  3378  3408  3603  3459   428  3734   348
  2348  2797   967  3278   783  3776  4498   484  2849  1210  2311  3780  3860  3379   946   837     0   675   552   332   624  3125   671  4026  3542  3572  3767  3623   557  3898   567
  1886  2335   423  2816   109  3496  4036   191  2387   529  1849  3318  3398  2917   599   989   675     0   312   700   983  2663   841  3564  3080  3110  3305  3161   738  3436   749
  2219  2669   757  3150   486  2366  4370   187  1819   672  2182  3652  3732  3251   394   962   618   378     0   643   748  2997   691  3898  3413  3443  3639  3495   682  3769   692
  2253  2702   635  3183   950  3863  4403   509  2754  1115  2215  3685  3765  3284  1186   505   332   700   577     0   292  3030   339  3931  3447  3476  3672  3528   225  3803   235
  2178  2627   560  3108   875  3788  4328   614  2679  1041  2141  3610  3690  3209  1111   217   624   983   683   292     0  2955   264  3856  3372  3402  3597  3453   330  3728   240
  1971  1036  2395   153  2555  1052  4695  2909  2517  2720   815   780  4057   473  2791  2961  3125  2663  2977  3030  2955     0  2813  1026   636   370   861   623  3069   992  3079
  2035  2485   417  2965   732  3645  4185   557  2536   898  1998  3468  3547  3066   968   329   671   841   625   339   264  2813     0  3714  3229  3259  3454  3310   377  3585   388
  2872  1937  3296   795  3456  1953  5341  3810  3418  3621  1716   246  5949  1374  3692  3862  4026  3564  3878  3931  3856  1026  3714     0  1537   693  1762   467  3970  1893  3980
  2387  1452  2812   461  2971  1147  5112  3325  2934  3137  1231  1291  4474   163  3207  3378  3542  3080  3394  3447  3372   636  3229  1537     0   298   956  1133  3485  1087  3496
  2417  1482  2842   318  3001  1176  5141  3355  2964  3167  1261  1320  4503   193  3237  3408  3572  3110  3424  3476  3402   370  3259   693   298     0   986  1163  3515  1116  3526
  2612  1678  3037   916  3196   695  5337  3551  2041  3362  1457  1516  4699   793  3433  3603  3767  3305  3619  3672  3597   861  3454  1762   956   986     0  1359  3711   326  3721
  2469  1534  2893   776  3053  1549  5193  3407  3015  3218  1313   327  5764   971  3289  3459  3623  3161  3475  3528  3453   623  3310   467  1133  1163  1359     0  3567  1489  3577
  2291  2741   673  3221   988  3901  4442   547  2792  1154  2254  3724  3804  3322  1224   428   557   738   616   225   330  3069   377  3970  3485  3515  3711  3567     0  3841    80
  2743  1808  3168  1046  3327   826  5468  3681  2172  3493  1587  1646  4830   924  3563  3734  3898  3436  3750  3803  3728   992  3585  1893  1087  1116   326  1489  3841     0  3852
  2302  2751   684  3232   999  3912  4452   558  2803  1164  2265  3734  3814  3333  1235   348   567   749   627   235   240  3079   388  3980  3496  3526  3721  3577    80  3852     0
DEPOT_SECTION
0
-1
EOF
