NAME : WM-31-2
COMMENT : HDTRP, CVS
TYPE : TSP
DIMENSION : 31
EDGE_WEIGHT_TYPE : EXPLICIT
EDGE_WEIGHT_FORMAT : FULL_MATRIX 
NODE_COORD_SECTION
  0 -78.5881280000 35.7825655000
  1 -78.5989107000 35.7883176000
  2 -78.5896200000 35.7708301000
  3 -78.5837983000 35.7702115000
  4 -78.6003661000 35.7891615000
  5 -78.5927919000 35.7859268000
  6 -78.6019147000 35.7872340000
  7 -78.6012423000 35.7871175000
  8 -78.5974220000 35.7824151000
  9 -78.5960384000 35.7697863000
 10 -78.6017358000 35.7872869000
 11 -78.6025360000 35.7813006000
 12 -78.5978639000 35.7928958000
 13 -78.6029491000 35.7901754000
 14 -78.5918435000 35.7698859000
 15 -78.5910880000 35.7771201000
 16 -78.5992646000 35.7720769000
 17 -78.6012168000 35.7880364000
 18 -78.5857928000 35.7707570000
 19 -78.6023615000 35.7908736000
 20 -78.5854671000 35.7697597000
 21 -78.5856989000 35.7696496000
 22 -78.6031468000 35.7900143000
 23 -78.5992092000 35.7855940000
 24 -78.6015714000 35.7874450000
 25 -78.5799205000 35.7855976000
 26 -78.5890947000 35.7734869000
 27 -78.5825467000 35.7728371000
 28 -78.5899218000 35.7749622000
 29 -78.5979811000 35.7886006000
 30 -78.5941698000 35.7839107000
EDGE_WEIGHT_SECTION
     0  1728  2348  1766  1863   960  2101  2041  1866  2475  2089  1812  2190  2221  2257  1433  2551  1971  2111  2433  2251  2377  2234  1948  1974  1303  2408  1899  1800  1666   965
  1692     0  2766  3377   189   768   677   617  2284  2892   665  2230   668   548  2675  1850  2969   634  3176   704  3316  3360   561   524   632  2079  3254  3522  2218   242  1382
  2267  2766     0  1048  2901  1998  3139  3079  2904   938  3127  2850  3228  3259   373  1040  1015  3009   848  3471   688   559  3272  2986  3012  2953   926  1193   546  2704  2003
  2017  3377  1048     0  3512  2609  3750  3690  3515  1549  3738  3461  3839  3870  1238  1651  1626  3620   570  4082   710   836  3883  3597  3623  2111   867   352  1112  3315  2614
  1827   189  2901  3512     0   903   645   751  2418  3027   657  2365   857   477  2809  1985  3104   563  3311   563  3451  3495   490   658   561  2214  3389  3656  2352   376  1517
   924   768  1998  2609   903     0  1141  1081  1516  2124  1129  1462  1230  1261  1907  1082  2201  1011  2409  1473  2548  2592  1274   988  1014  1502  2487  2754  1450   706   614
  2066   677  3139  3750   639  1141     0    61  1756  3266    12  1702  1015   538  3048  2224  3342   411  3550   625  3690  3733   551   487   408  2453  3628  3895  2591   615  1050
  2005   617  3079  3690   751  1081    61     0  1695  3205    48  1641  1079   599  2987  2163  3282   472  3489   686  3629  3673   612   426   469  2392  3567  3834  2530   554   989
  1827  2326  2901  3512  2461  1558  1797  1737     0  3028  1785   813  2788  2819  2810  1985  2369  2569  3312  3031  3452  3495  2832  1472  2572  2788  3390  3657  2353  2264  1297
  2393  2892   938  1549  3027  2124  3266  3205  3031     0  3253  2977  3354  3386   470  1167   820  3136  1349  3597  1489   922  3399  3112  3138  3355  1427  1694  1020  2830  2129
  2053   665  3127  3738   652  1129    12    48  1743  3253     0  1690  1027   551  3036  2211  3330   423  3538   638  3677  3721   564   475   421  2440  3616  3883  2579   603  1037
  1774  2273  2848  3459  2408  1505  1744  1683   851  2974  1732     0  2735  2766  2757  1932  1837  2516  3258  2978  3398  3442  2779  1418  2519  2735  3336  3604  2300  2211  1244
  2154   668  3228  3839   857  1230  1020  1079  2746  3354  1033  2692     0   706  3137  2312  3431   939  3638   619  3778  3822   693   986   936  2541  3716  3984  2680   524  1844
  2185   548  3259  3870   477  1261   544   605  2777  3386   556  2723   706     0  3168  2343  3462   463  3670    87  3810  3853    13  1017   460  2572  3748  4015  2711   735  1876
  2176  2675   373  1238  2809  1907  3048  2987  2813   470  3036  2759  3137  3168     0   949   923  2918  1037  3380   698   569  3181  2894  2921  3137  1115  1382   802  2612  1912
  1351  1850  1040  1651  1985  1082  2224  2163  1988  1167  2211  1935  2312  2343   949     0  1243  2093  1451  2555  1591  1634  2356  2070  2096  2312  1529  1796   492  1788  1087
  2470  2969  1015  1626  3104  2201  3342  3282  2364   820  3330  1831  3431  3462   923  1243     0  3212  1425  3674  1565  1609  3475  3189  3215  3431  1503  1770  1096  2907  2206
  1935   634  3009  3620   563  1011   417   477  2527  3136   429  2473   939   463  2918  2093  3212     0  3420   549  3560  3603   476   547     3  2322  3498  3765  2461   485  1625
  2678  3176   848   570  3311  2409  3550  3489  3315  1349  3538  3261  3638  3670  1037  1451  1425  3420     0  3881   140   269  3683  3396  3423  2475   667   715   912  3114  2413
  2397   704  3471  4082   563  1473   631   692  2988  3597   643  2935   619    87  3380  2555  3674   549  3881     0  4021  4065    74  1228   546  2784  3959  4226  2922   767  2087
  2817  3316   688   710  3451  2548  3690  3629  3455  1489  3677  3401  3778  3810   698  1591  1565  3560   140  4021     0   129  3823  3536  3562  2614   806   855  1052  3254  2553
  2861  3360   559   836  3495  2592  3733  3673  3498   922  3721  3444  3822  3853   569  1634  1609  3603   269  4065   129     0  3866  3580  3606  2740   850   981  1095  3298  2597
  2198   561  3272  3883   490  1274   557   618  2790  3399   569  2736   693    13  3181  2356  3475   476  3683    74  3823  3866     0  1030   473  2585  3761  4028  2724   841  1888
  1912   524  2986  3597   658   988   487   426  1430  3112   475  1376   986  1017  2894  2070  3189   547  3396  1228  3536  3580  1030     0   550  2299  3474  3741  2437   461   852
  1938   632  3012  3623   561  1014   414   475  2530  3138   426  2476   936   460  2921  2096  3215     3  3423   546  3562  3606   473   550     0  2325  3501  3768  2464   488  1628
  1672  2071  2902  2079  2206  1494  2445  2384  2771  3380  2432  2717  2533  2565  3162  2337  3456  2314  2424  2776  2563  2689  2577  2291  2317     0  2720  2212  2705  2009  1869
  2756  3254   926   867  3389  2487  3628  3567  3393  1427  3616  3339  3716  3748  1115  1529  1503  3498   667  3959   806   850  3761  3474  3501  2771     0  1012   990  3192  2491
  1770  3122  1284   461  3257  2358  3496  3435  3264  1784  3483  3210  3584  3616  1473  1887  1861  3366   806  3827   945  1071  3629  3342  3369  1864  1102     0  1347  3060  2362
  1719  2218   546  1112  2352  1450  2591  2530  2356  1020  2579  2302  2680  2711   802   492  1096  2461   912  2922  1052  1095  2724  2437  2464  2680   990  1257     0  2155  1455
  1630   242  2704  3315   376   706   615   554  2221  2830   603  2168   524   735  2612  1788  2907   485  3114   767  3254  3298   841   461   488  2017  3192  3459  2155     0  1320
   915  1414  1989  2600  1549   646  1050   989  1250  2115  1037  1196  1876  1907  1898  1073  2192  1110  2400  2119  2539  2583  1920   852  1113  1876  2478  2745  1441  1352     0
DEPOT_SECTION
0
-1
EOF
