NAME : WM-41-1
COMMENT : HDTRP, CVS
TYPE : TSP
DIMENSION : 41
EDGE_WEIGHT_TYPE : EXPLICIT
EDGE_WEIGHT_FORMAT : FULL_MATRIX 
NODE_COORD_SECTION
  0 -78.5881280000 35.7825655000
  1 -78.5879221000 35.7762756000
  2 -78.5980584000 35.7885108000
  3 -78.5920239000 35.7702304000
  4 -78.5995137000 35.7876439000
  5 -78.6025034000 35.7741615000
  6 -78.5740924000 35.7806658000
  7 -78.6026878000 35.7885335000
  8 -78.6029486000 35.7794798000
  9 -78.5997591000 35.7856928000
 10 -78.5923613000 35.7779916000
 11 -78.5863811000 35.7711771000
 12 -78.5764705000 35.7943300000
 13 -78.5948032000 35.7696627000
 14 -78.6007493000 35.7857611000
 15 -78.5978550000 35.7931102000
 16 -78.6039670000 35.7909336000
 17 -78.6005814000 35.7880988000
 18 -78.6036688000 35.7876768000
 19 -78.6020485000 35.7919661000
 20 -78.5991323000 35.7916252000
 21 -78.5926481000 35.7714022000
 22 -78.5994629000 35.7910568000
 23 -78.5851096000 35.7691903000
 24 -78.5959932000 35.7691332000
 25 -78.5926798000 35.7691979000
 26 -78.5992746000 35.7702359000
 27 -78.5871197000 35.7716501000
 28 -78.6012697000 35.7922380000
 29 -78.5975318000 35.7699229000
 30 -78.6008160000 35.7928393000
 31 -78.5921350000 35.7696872000
 32 -78.5999009000 35.7718084000
 33 -78.5995269000 35.7839040000
 34 -78.5989345000 35.7931885000
 35 -78.5743449000 35.7809010000
 36 -78.5855923000 35.7714373000
 37 -78.5990166000 35.7872343000
 38 -78.6017090000 35.7866512000
 39 -78.5813799000 35.7845013000
 40 -78.5984247000 35.7699817000
EDGE_WEIGHT_SECTION
     0  1724  1654  2205  1813  2885  3430  2167  1776  1979  1237  2059  2792  2306  2049  2220  2384  1922  2236  2288  2214  2052  2071  2305  2469  2498  2694  2120  2327  2825  2338  2375  2748  1853  2541  7082  1898  1754  2059  1637  2707
  1643     0  2068  1188  2227  1868  4367  2581  2189  2392   487  1691  3729  1289  2463  2633  2797  2335  2649  2702  2627  1036  2485  1937  1452  1482  1678  1534  2741  1808  2751  1359  1731  2267  2955  8020  1760  2168  2473  2938  1691
  1618  2068     0  2548   315  3228  3768   669  2119   481  1581  3050  3130  2649   551   566   967   423   737   635   560  2395   417  3296  2812  2842  3037  2893   673  3168   684  2719  3091  2197   888  7421  3119   256   561  2339  3051
  2123  1188  2548     0  2707  1107  4848  3061  2670  2873   967   933  4210   298  2943  3114  3278  2816  3130  3183  3108   153  2965   795   461   318   916   776  3221  1046  3232   271   969  2748  3436  7056  1002  2648  2953  3418   929
  1777  2227   315  2707     0  3387  3928   299  2278   420  1740  3210  3290  2808   491   881   783   109   421   950   875  2555   732  3456  2971  3001  3197  3053   988  3327   999  2878  3250  2356  1203  7580  3279    59   501  2498  3210
  2821  1886  3246  1125  3405     0  5546  3382  1346  2611  1665  1725  4908  1002  2681  3812  3757  3514  3450  3808  3806  1070  3663  1971  1165  1194   713  1567  3919   844  3930  1241   433  1999  4134  7848  1794  3346  2863  4116   727
  4174  4144  5504  3387  5664  4160     0  6018  5626  5829  3924  2720  5852  3582  5900  6070  6234  5772  6086  6139  6064  3234  5921  2966  3744  3774  3970  2781  6178  4100  6188  3557  4023  5704  6392  6538  2559  5604  5909  4602  3983
  2131  2581   669  3061   299  3741  4282     0  2632   794  2094  3564  3644  3162   515   828   484   191   122   509   614  2909   557  3810  3325  3355  3551  3407   547  3681   558  3232  3604  2710   762  7934  3633   359   318  2852  3564
  1700  2149  2125  2630  2284  1449  4424  2638     0  1375  1663  3132  3786  2731  1446  2690  2854  2392  2706  2759  2684  2477  2542  3378  2894  2924  2163  2975  2798  2293  2808  2801  1882   764  3012  8077  3201  2225  1627  2995  2176
  1943  2392   481  2873   420  2613  4093   788  1371     0  1906  3375  3455  2974   118  1046  1210   529   857  1115  1041  2720   898  3621  3137  3167  3362  3218  1154  3493  1164  3044  3416  1448  1368  7746  3444   361   475  2664  3376
  1156   487  1581   967  1740  1647  3880  2094  1703  1906     0  1470  3242  1069  1976  2147  2311  1849  2163  2215  2141   815  1998  1716  1231  1261  1457  1313  2254  1587  2265  1138  1510  1780  2468  7533  1539  1681  1986  2451  1470
  2626  1691  3050   933  3210  1707  5094  3564  3172  3375  1470     0  5703  1128  3446  3616  3780  3318  3632  3685  3610   780  3468   246  1291  1320  1516   327  3724  1646  3734  1103  1569  3250  3938  6389   335  3150  3455  2756  1529
  3014  3971  3263  4452  3422  5132  3402  3776  4022  3587  3484  4954     0  4553  3658  3828  3992  3530  3844  3897  3822  4299  3680  5200  4716  4745  4941  4797  3936  5071  3946  4622  4994  4100  4150  5695  4494  3363  3668  3453  4954
  2224  1289  2649   298  2808   984  4949  3162  2771  2974  1069  1128  4311     0  3044  3215  3379  2917  3231  3284  3209   473  3066  1374   163   193   793   971  3322   924  3333   240   847  2849  3537  7251  1197  2749  3054  3519   806
  2013  2463   551  2943   491  2683  4164   510  1441   118  1976  3446  3526  3044     0  1117   940   599   578  1186  1111  2791   968  3692  3207  3237  3433  3289  1224  3563  1235  3114  3486  1519  1439  7816  3515   432   546  2734  3446
  2184  2633   566  3114   881  3794  4334   828  2685  1046  2147  3616  3696  3215  1117     0   837   989   896   505   217  2961   329  3862  3378  3408  3603  3459   428  3734   348  3284  3657  2762   387  7987  3685   821  1127  2905  3617
  2348  2797   967  3278   783  3776  4498   484  2849  1210  2311  3780  3860  3379   946   837     0   675   552   332   624  3125   671  4026  3542  3572  3767  3623   557  3898   567  3449  3821  2926   771  8151  3849   986   749  3069  3781
  1886  2335   423  2816   109  3496  4036   191  2387   529  1849  3318  3398  2917   599   989   675     0   312   700   983  2663   841  3564  3080  3110  3305  3161   738  3436   749  2986  3359  2464   952  7689  3387   168   509  2607  3319
  2219  2669   757  3150   486  2366  4370   187  1819   672  2182  3652  3732  3251   394   962   618   378     0   643   748  2997   691  3898  3414  3443  3639  3495   682  3770   692  3320  3692  1897   896  8022  3721   638   197  2940  3652
  2253  2702   635  3183   950  3863  4403   509  2754  1115  2215  3685  3765  3284  1186   505   332   700   577     0   292  3030   339  3931  3447  3476  3672  3528   225  3803   235  3353  3726  2831   439  8055  3754   890   774  2973  3685
  2178  2627   560  3108   875  3788  4328   614  2679  1041  2141  3610  3690  3209  1111   217   624   983   683   292     0  2955   264  3856  3372  3402  3597  3453   330  3728   240  3279  3651  2756   330  7981  3679   816  1121  2899  3611
  1971  1036  2395   153  2555  1052  4695  2909  2517  2720   815   780  4057   473  2791  2961  3125  2663  2977  3030  2955     0  2813  1026   636   370   861   623  3069   992  3079   323   914  2595  3283  6903   849  2495  2800  3266   874
  2035  2485   417  2965   732  3645  4185   557  2536   898  1998  3468  3547  3066   968   329   671   841   625   339   264  2813     0  3714  3229  3259  3454  3310   377  3585   388  3136  3508  2614   592  7838  3537   673   978  2756  3468
  2872  1937  3296   795  3456  1953  5341  3810  3418  3621  1716   246  5949  1374  3692  3862  4026  3564  3878  3931  3856  1026  3714     0  1537   693  1762   467  3970  1893  3980   646  1816  3496  4184  6635   581  3396  3702  3003  1775
  2387  1452  2812   461  2971  1147  5112  3325  2934  3137  1231  1291  4474   163  3207  3378  3542  3080  3394  3447  3372   636  3229  1537     0   298   956  1133  3485  1087  3496   345  1009  3012  3700  7414  1359  2912  3217  3682   969
  2417  1482  2842   318  3001  1176  5141  3355  2964  3167  1261  1320  4503   193  3237  3408  3572  3110  3424  3476  3402   370  3259   693   298     0   986  1163  3515  1116  3526    47  1039  3041  3729  7444  1389  2942  3247  3712   999
  2612  1678  3037   916  3197   695  5337  3551  2041  3362  1457  1516  4699   793  3433  3603  3767  3305  3619  3672  3597   861  3454  1762   956   986     0  1359  3711   326  3721  1033   558  3237  3925  7639  1585  3137  3442  3907    14
  2469  1534  2893   776  3053  1549  5193  3407  3015  3218  1313   327  5764   971  3289  3459  3623  3161  3475  3528  3453   623  3310   467  1133  1163  1359     0  3567  1489  3577   946  1412  3093  3781  6451   396  2993  3298  2818  1372
  2291  2741   673  3221   988  3901  4442   547  2792  1154  2254  3724  3804  3322  1224   428   557   738   616   225   330  3069   377  3970  3485  3515  3711  3567     0  3841    80  3392  3764  2870   284  8094  3793   929   813  3012  3724
  2743  1808  3168  1046  3327   826  5468  3681  2172  3493  1587  1646  4830   924  3563  3734  3898  3436  3750  3803  3728   992  3585  1893  1087  1116   326  1489  3841     0  3852  1163   689  3367  4056  7770  1715  3268  3573  4038   340
  2302  2751   684  3232   999  3912  4452   558  2803  1164  2265  3734  3814  3333  1235   348   567   749   627   235   240  3079   388  3980  3496  3526  3721  3577    80  3852     0  3403  3775  2880   204  8105  3803   940   823  3023  3735
  2294  1359  2719   271  2878  1223  5018  3232  2841  3044  1138  1103  4380   240  3114  3284  3448  2986  3300  3353  3279   323  3136   646   345    47  1033   946  3392  1163  3403     0  1086  2918  3606  7226  1172  2819  3124  3589  1046
  2666  1731  3091   969  3250   433  5390  3604  1779  3416  1510  1569  4752   847  3486  3657  3821  3359  3673  3726  3651   914  3508  1816  1009  1039   558  1412  3764   689  3775  1086     0  2432  3979  7693  1638  3191  3496  3961   572
  1814  2264  2239  2744  2398  2005  4539  2752   763  1490  1777  3247  3901  2846  1560  2805  2969  2507  2821  2874  2799  2592  2656  3493  3008  3038  3234  3090  2912  3364  2923  2915  2438     0  3127  8191  3316  2339  1742  3109  3247
  2506  2955   888  3436  1203  4116  4656   762  3007  1368  2468  3938  4018  3537  1439   387   771   952   830   439   330  3283   592  4184  3700  3729  3925  3781   284  4056   204  3606  3979  3084     0  8308  4007  1143  1027  3226  3938
  4295  4266  5625  3508  5785  4281  7532  6139  5747  5950  4045  2841  5973  3703  6021  6191  6355  5893  6207  6260  6185  3355  6042  3087  3865  3895  4091  2902  6299  4221  6309  3678  4144  5825  6513     0  2680  5725  6030  4723  4104
  2695  1760  3119  1002  3279  1776  4934  3633  3241  3444  1539   335  5542  1197  3515  3685  3849  3387  3701  3754  3679   849  3537   581  1359  1389  1585   396  3793  1715  3803  1172  1638  3319  4007  6229     0  3219  3524  2596  1598
  1718  2168   256  2648    59  3328  3868   359  2219   361  1681  3150  3230  2749   432   821   986   168   480   890   816  2495   673  3396  2912  2942  3137  2993   929  3268   940  2819  3191  2297  1143  7521  3219     0   441  2439  3151
  2023  2473   561  2953   501  2865  4173   313  1623   475  1986  3455  3535  3054   546  1127   743   503   381   768  1121  2800   978  3702  3217  3247  3442  3298   807  3573   818  3124  3496  1700  1021  7826  3524   441     0  2744  3456
  2006  2963  2331  3443  2490  4123  3818  2844  3014  2656  2476  2705  3180  3544  2726  2897  3061  2599  2913  2965  2891  3291  2748  2952  3707  3737  3932  2767  3004  4063  3015  3614  3986  3092  3218  7471  2545  2431  2736     0  3946
  2626  1691  3051   929  3210   709  5350  3564  2055  3376  1470  1529  4712   806  3446  3617  3781  3319  3633  3685  3611   874  3468  1775   969   999    14  1372  3724   340  3735  1046   572  3250  3938  7653  1598  3151  3456  3921     0
DEPOT_SECTION
0
-1
EOF
